夫兰克-赫兹实验数据处理结果
条件：VF=2.1V，扫描 0-80V，步距 0.1V，拒斥电压/第一栅压见下表

  组别 VG1K/V VG2A/V   峰数  峰位电压/V                                   相邻峰间距/V                               平均间距/V
   A      1      7    5  31.40, 42.10, 53.40, 65.00, 77.20        10.70, 11.30, 11.60, 12.20             11.45
   B      1      8    5  31.60, 42.40, 53.80, 65.50, 77.50        10.80, 11.40, 11.70, 12.00             11.47
   C      2      7    5  31.10, 41.90, 53.50, 65.10, 77.20        10.80, 11.60, 11.60, 12.10             11.52
   D      2      8    5  31.50, 42.60, 53.90, 65.60, 77.70        11.10, 11.30, 11.70, 12.10             11.55
   E      3      7    5  31.10, 42.50, 53.70, 65.40, 77.40        11.40, 11.20, 11.70, 12.00             11.58
   F      3      8    5  31.80, 42.70, 54.20, 65.90, 77.90        10.90, 11.50, 11.70, 12.00             11.53

全部曲线相邻峰间距总平均: 11.52 V (std=0.43 V)
=> 氩原子第一激发电位 ≈ 11.52 eV
(参考值: 氩第一激发态 11.55 eV, 教学仪器典型值 11.5~13 V)
